GDLX, GDLY,GDLZ, GDRX, GDRY, GDRZ, PL, PR, HR, GSR, ConationLevel, PredictedConation
-3750,362,9263,2340,-1579,9593,4,11571630828524E-05,-2,40435875116232E-05,193,442307692308,7,1614978094897E+15,0,0
-3750,362,9263,2340,-1579,9593,4,11571630828524E-05,-2,40435875116232E-05,193,442307692308,7,1614978094897E+15,0,0
-3750,362,9263,2340,-1579,9593,4,11571630828524E-05,6,36141446432324E-07,193,442307692308,7,1614978094897E+15,0,0
-3750,362,9263,2340,-1579,9593,4,11571630828524E-05,6,36141446432324E-07,193,442307692308,7,1614978094897E+15,0,0
-3750,362,9263,2340,-1579,9593,4,11571630828524E-05,6,36141446432324E-07,193,442307692308,7,1614978094897E+15,0,0
-3750,362,9263,2340,-1579,9593,4,11571630828524E-05,6,36141446432324E-07,193,442307692308,7,1614978094897E+15,0,0
-3750,362,9263,2340,-1579,9593,4,11571630828524E-05,6,36141446432324E-07,193,442307692308,7,33308926313455E+15,0,0
-3750,362,9263,2340,-1579,9593,4,11571630828524E-05,6,36141446432324E-07,193,442307692308,7,33308926313455E+15,0,0
-3750,362,9263,2340,-1579,9593,4,11571630828524E-05,6,36141446432324E-07,193,442307692308,7,33308926313455E+15,0,0
-3750,362,9263,2340,-1579,9593,2,19810820142332E-05,6,36141446432324E-07,193,442307692308,7,33308926313455E+15,0,0
-3750,362,9263,2340,-1579,9593,2,19810820142332E-05,6,36141446432324E-07,193,442307692308,7,33308926313455E+15,0,0
-3750,362,9263,2340,-1579,9593,2,19810820142332E-05,6,36141446432324E-07,193,442307692308,7,31330966333555E+15,0,0
-3750,362,9263,2340,-1579,9593,2,19810820142332E-05,6,36141446432324E-07,193,442307692308,7,31330966333555E+15,0,0
-3750,362,9263,2340,-1579,9593,2,19810820142332E-05,6,36141446432324E-07,193,442307692308,7,31330966333555E+15,0,0
-3750,362,9263,2340,-1579,9593,2,19810820142332E-05,6,36141446432324E-07,193,442307692308,7,31330966333555E+15,0,0
-3750,362,9263,2340,-1579,9593,2,19810820142332E-05,6,36141446432324E-07,193,442307692308,7,31330966333555E+15,0,0
-3750,362,9263,2340,-1579,9593,2,19810820142332E-05,6,36141446432324E-07,193,442307692308,7,31330966333555E+15,0,0
-3750,362,9263,2340,-1579,9593,2,19810820142332E-05,6,36141446432324E-07,193,442307692308,7,31330966333555E+15,0,0
-3750,362,9263,2340,-1579,9593,2,19810820142332E-05,6,36141446432324E-07,193,442307692308,7,28146722593995E+15,0,0
-3750,362,9263,2340,-1579,9593,2,19810820142332E-05,6,36141446432324E-07,193,442307692308,7,28146722593995E+15,0,0
-3750,362,9263,2340,-1579,9593,2,19810820142332E-05,6,36141446432324E-07,193,442307692308,7,28146722593995E+15,0,0
-3750,362,9263,2340,-1579,9593,2,19810820142332E-05,6,36141446432324E-07,193,442307692308,7,28146722593995E+15,0,0
-3750,362,9263,2340,-1579,9593,2,19810820142332E-05,6,36141446432324E-07,193,442307692308,7,28146722593995E+15,0,0
-3750,362,9263,2340,-1579,9593,2,19810820142332E-05,6,36141446432324E-07,193,442307692308,7,28146722593995E+15,0,0
-3750,362,9263,2340,-1579,9593,2,19810820142332E-05,6,36141446432324E-07,193,442307692308,7,20189888315962E+15,0,0
-3750,362,9263,2340,-1579,9593,2,19810820142332E-05,6,36141446432324E-07,193,442307692308,7,20189888315962E+15,0,0
-3750,362,9263,2340,-1579,9593,2,19810820142332E-05,6,36141446432324E-07,193,442307692308,7,20189888315962E+15,0,0
-3750,362,9263,2340,-1579,9593,2,19810820142332E-05,6,36141446432324E-07,193,442307692308,7,20189888315962E+15,0,0
-3750,362,9263,2340,-1579,9593,2,19810820142332E-05,6,36141446432324E-07,193,442307692308,7,20189888315962E+15,0,0
-3750,362,9263,2340,-1579,9593,2,19810820142332E-05,6,36141446432324E-07,193,442307692308,7,20189888315962E+15,0,0
-3750,362,9263,2340,-1579,9593,2,19810820142332E-05,6,36141446432324E-07,191,442307692308,7,08067424377288E+15,0,0
-3750,362,9263,2340,-1579,9593,2,19810820142332E-05,6,36141446432324E-07,191,442307692308,7,08067424377288E+15,0,0
-3750,362,9263,2340,-1579,9593,2,89669228493677E-05,6,36141446432324E-07,191,442307692308,7,08067424377288E+15,0,0
-3750,362,9263,2340,-1579,9593,2,89669228493677E-05,6,36141446432324E-07,191,442307692308,7,08067424377288E+15,0,0
-3750,362,9263,2340,-1579,9593,2,89669228493677E-05,6,36141446432324E-07,191,442307692308,7,08067424377288E+15,0,0
-3750,362,9263,2340,-1579,9593,2,89669228493677E-05,6,36141446432324E-07,191,442307692308,7,08067424377288E+15,0,0
-3750,362,9263,2340,-1579,9593,2,89669228493677E-05,6,36141446432324E-07,191,442307692308,6,97279923834236E+15,0,0
-3750,362,9263,2340,-1579,9593,2,89669228493677E-05,6,36141446432324E-07,191,442307692308,6,97279923834236E+15,0,0
-3750,362,9263,2340,-1579,9593,2,89669228493677E-05,6,36141446432324E-07,191,442307692308,6,97279923834236E+15,0,0
-3750,362,9263,2340,-1579,9593,2,89669228493677E-05,6,36141446432324E-07,191,442307692308,6,97279923834236E+15,0,0
-3750,362,9263,2340,-1579,9593,2,89669228493677E-05,6,36141446432324E-07,191,442307692308,6,97279923834236E+15,0,0
-3750,362,9263,2340,-1579,9593,2,89669228493677E-05,6,36141446432324E-07,191,442307692308,6,97279923834236E+15,0,0
-3750,362,9263,2340,-1579,9593,2,89669228493677E-05,6,36141446432324E-07,191,442307692308,6,97279923834236E+15,0,0
-3750,362,9263,2340,-1579,9593,2,89669228493677E-05,6,36141446432324E-07,191,442307692308,68807059400877,0,0
-3750,362,9263,2340,-1579,9593,2,89669228493677E-05,6,36141446432324E-07,191,442307692308,68807059400877,0,0
-3750,362,9263,2340,-1579,9593,2,89669228493677E-05,6,36141446432324E-07,191,442307692308,68807059400877,0,0
-3750,362,9263,2340,-1579,9593,2,89669228493677E-05,6,36141446432324E-07,191,442307692308,68807059400877,0,0
-3750,362,9263,2340,-1579,9593,2,89669228493677E-05,6,36141446432324E-07,191,442307692308,68807059400877,0,0
-3750,362,9263,2340,-1579,9593,2,89669228493677E-05,6,36141446432324E-07,191,442307692308,68807059400877,0,0
-3750,362,9263,2340,-1579,9593,2,89669228493677E-05,6,36141446432324E-07,191,442307692308,68807059400877,0,0
-3750,362,9263,2340,-1579,9593,2,89669228493677E-05,6,36141446432324E-07,191,442307692308,6,77957046630686E+15,0,0
-3750,362,9263,2340,-1579,9593,2,89669228493677E-05,6,36141446432324E-07,191,442307692308,6,77957046630686E+15,0,0
-3750,362,9263,2340,-1579,9593,3,28581117062432E-05,6,36141446432324E-07,191,442307692308,6,77957046630686E+15,0,0
-3750,362,9263,2340,-1579,9593,3,28581117062432E-05,6,36141446432324E-07,191,442307692308,6,77957046630686E+15,0,0
-3750,362,9263,1133,1053,9880,3,28581117062432E-05,6,36141446432324E-07,191,442307692308,6,77957046630686E+15,0,0
-3750,362,9263,1133,1053,9880,3,28581117062432E-05,6,36141446432324E-07,191,442307692308,6,80084967186216E+15,0,0
-3750,362,9263,1133,1053,9880,3,28581117062432E-05,6,36141446432324E-07,191,442307692308,6,80084967186216E+15,0,0
-3750,362,9263,1133,1053,9880,3,28581117062432E-05,6,36141446432324E-07,191,442307692308,6,80084967186216E+15,0,0
-3750,362,9263,1133,1053,9880,3,28581117062432E-05,6,36141446432324E-07,191,442307692308,6,80084967186216E+15,0,0
-3750,362,9263,1133,1053,9880,3,28581117062432E-05,6,36141446432324E-07,191,442307692308,6,80084967186216E+15,0,0
-3750,362,9263,1133,1053,9880,3,28581117062432E-05,6,36141446432324E-07,191,442307692308,6,80084967186216E+15,0,0
-3750,362,9263,1133,1053,9880,3,28581117062432E-05,6,36141446432324E-07,191,442307692308,6,80084967186216E+15,0,0
-3750,362,9263,1133,1053,9880,3,28581117062432E-05,6,36141446432324E-07,191,442307692308,7,08440379805978E+15,0,0
-3750,362,9263,1133,1053,9880,3,28581117062432E-05,6,36141446432324E-07,191,442307692308,7,08440379805978E+15,0,0
-3750,362,9263,1133,1053,9880,-6,58606872005018E-05,6,36141446432324E-07,191,442307692308,7,08440379805978E+15,0,0
-3750,362,9263,1133,1053,9880,-6,58606872005018E-05,6,36141446432324E-07,191,442307692308,7,08440379805978E+15,0,0
-3750,362,9263,1133,1053,9880,-6,58606872005018E-05,6,36141446432324E-07,191,442307692308,7,08440379805978E+15,0,0
-3750,362,9263,1133,1053,9880,0,000727058474942836,6,36141446432324E-07,191,442307692308,7,08440379805978E+15,0,0
-3750,362,9263,1133,1053,9880,0,000727058474942836,6,36141446432324E-07,191,442307692308,7,29843924358356E+15,0,0
-3750,362,9263,1133,1053,9880,0,000727058474942836,6,36141446432324E-07,191,442307692308,7,29843924358356E+15,0,0
-3750,362,9263,1133,1053,9880,0,000727058474942836,6,36141446432324E-07,191,442307692308,7,29843924358356E+15,0,0
-3750,362,9263,1133,1053,9880,0,000727058474942836,6,36141446432324E-07,191,442307692308,7,29843924358356E+15,0,0
-3750,362,9263,1133,1053,9880,0,000727058474942836,6,36141446432324E-07,191,442307692308,7,29843924358356E+15,0,0
-3750,362,9263,1133,1053,9880,0,000727058474942836,6,36141446432324E-07,191,442307692308,7,29843924358356E+15,0,0
-3750,362,9263,1133,1053,9880,0,000727058474942836,6,36141446432324E-07,191,442307692308,737960245979557,0,0
-3750,362,9263,1133,1053,9880,0,000727058474942836,6,36141446432324E-07,191,442307692308,737960245979557,0,0
-3750,362,9263,1133,1053,9880,0,000727058474942836,6,36141446432324E-07,191,442307692308,737960245979557,0,0
-3750,362,9263,1133,1053,9880,0,000727058474942836,6,36141446432324E-07,191,442307692308,737960245979557,0,0
-3750,362,9263,1133,1053,9880,0,000727058474942836,6,36141446432324E-07,191,442307692308,737960245979557,0,0
-3750,362,9263,1133,1053,9880,0,000727058474942836,6,36141446432324E-07,191,442307692308,737960245979557,0,0
-3750,362,9263,1133,1053,9880,0,000727058474942836,6,36141446432324E-07,191,442307692308,7,42611440785959E+15,0,0
-3750,362,9263,1133,1053,9880,0,000727058474942836,6,36141446432324E-07,191,442307692308,7,42611440785959E+15,0,0
-3750,362,9263,1133,1053,9880,0,000727058474942836,6,36141446432324E-07,191,442307692308,7,42611440785959E+15,0,0
-3750,362,9263,1133,1053,9880,0,000727058474942836,6,36141446432324E-07,191,442307692308,7,42611440785959E+15,0,0
-3750,362,9263,1133,1053,9880,0,000727058474942836,6,36141446432324E-07,191,442307692308,7,42611440785959E+15,0,0
-3750,362,9263,1133,1053,9880,0,000727058474942836,6,36141446432324E-07,191,442307692308,7,42611440785959E+15,0,0
-3750,362,9263,1133,1053,9880,0,000727058474942836,6,36141446432324E-07,216,442307692308,7,47964280717625E+15,0,0
-3750,362,9263,1133,1053,9880,0,000727058474942836,6,36141446432324E-07,216,442307692308,7,47964280717625E+15,0,0
-3750,362,9263,1133,1053,9880,0,000727058474942836,6,36141446432324E-07,216,442307692308,7,47964280717625E+15,0,0
-3750,362,9263,1133,1053,9880,0,000727058474942836,6,36141446432324E-07,216,442307692308,7,47964280717625E+15,0,0
-3750,362,9263,1133,1053,9880,0,000727058474942836,6,36141446432324E-07,216,442307692308,7,47964280717625E+15,0,0
-3750,362,9263,1133,1053,9880,0,000727058474942836,6,36141446432324E-07,216,442307692308,7,47964280717625E+15,0,0
-3750,362,9263,1133,1053,9880,0,000727058474942836,6,36141446432324E-07,216,442307692308,7,52892054455563E+15,0,0
-3750,362,9263,1133,1053,9880,0,000727058474942836,6,36141446432324E-07,216,442307692308,7,52892054455563E+15,0,0
-3750,362,9263,1133,1053,9880,0,000727058474942836,6,36141446432324E-07,216,442307692308,7,52892054455563E+15,0,0
-3750,362,9263,1133,1053,9880,0,000727058474942836,6,36141446432324E-07,216,442307692308,7,52892054455563E+15,0,0
-3750,362,9263,1133,1053,9880,0,000727058474942836,6,36141446432324E-07,216,442307692308,7,52892054455563E+15,0,0
-3750,362,9263,1133,1053,9880,0,000727058474942836,6,36141446432324E-07,216,442307692308,7,52892054455563E+15,0,0
-3750,362,9263,1133,1053,9880,0,000727058474942836,6,36141446432324E-07,216,442307692308,7,52892054455563E+15,0,0
-3750,362,9263,1133,1053,9880,0,000727058474942836,6,36141446432324E-07,216,442307692308,759820406450096,0,0
-3750,362,9263,1133,1053,9880,0,000727058474942836,6,36141446432324E-07,216,442307692308,759820406450096,0,0
-3750,362,9263,1133,1053,9880,0,000727058474942836,6,36141446432324E-07,216,442307692308,759820406450096,0,0
-3750,362,9263,1133,1053,9880,0,000727058474942836,6,36141446432324E-07,216,442307692308,759820406450096,0,0
-3750,362,9263,1133,1053,9880,0,000727058474942836,6,36141446432324E-07,216,442307692308,759820406450096,0,0
-3750,362,9263,1133,1053,9880,0,000727058474942836,6,36141446432324E-07,216,442307692308,759820406450096,0,0
-3750,362,9263,1133,1053,9880,0,000727058474942836,6,36141446432324E-07,216,442307692308,7,66657901909326E+15,0,0
-3750,362,9263,1133,1053,9880,0,000727058474942836,6,36141446432324E-07,216,442307692308,7,66657901909326E+15,0,0
-3750,362,9263,1133,1053,9880,0,000727058474942836,6,36141446432324E-07,216,442307692308,7,66657901909326E+15,0,0
-3750,362,9263,1133,1053,9880,0,000727058474942836,6,36141446432324E-07,216,442307692308,7,66657901909326E+15,0,0
-3750,362,9263,1133,1053,9880,0,000727058474942836,6,36141446432324E-07,216,442307692308,7,66657901909326E+15,0,0
-3750,362,9263,1133,1053,9880,0,000727058474942836,6,36141446432324E-07,216,442307692308,7,66657901909326E+15,0,0
-3750,362,9263,1133,1053,9880,0,000727058474942836,6,36141446432324E-07,216,442307692308,7,64628230862994E+15,0,0
-3750,362,9263,1133,1053,9880,0,000727058474942836,6,36141446432324E-07,216,442307692308,7,64628230862994E+15,0,0
-3750,362,9263,1133,1053,9880,0,000641678455219496,6,36141446432324E-07,216,442307692308,7,64628230862994E+15,0,0
-3750,362,9263,1133,1053,9880,0,000641678455219496,6,36141446432324E-07,216,442307692308,7,64628230862994E+15,0,0
-3750,362,9263,1133,1053,9880,0,000641678455219496,6,36141446432324E-07,216,442307692308,7,64628230862994E+15,0,0
-3750,362,9263,1133,1053,9880,0,000641678455219496,6,36141446432324E-07,216,442307692308,7,64628230862994E+15,0,0
-3750,362,9263,1133,1053,9880,0,000641678455219496,6,36141446432324E-07,216,442307692308,7,64628230862994E+15,0,0
-3750,362,9263,1133,1053,9880,0,000641678455219496,-1,36118871661391E-05,216,442307692308,751592911743008,0,0
-3750,362,9263,1133,1053,9880,0,000641678455219496,-1,36118871661391E-05,216,442307692308,751592911743008,0,0
-3750,362,9263,1133,1053,9880,0,000641678455219496,-1,36118871661391E-05,216,442307692308,751592911743008,0,0
-3750,362,9263,1133,1053,9880,0,000641678455219496,-1,36118871661391E-05,216,442307692308,751592911743008,0,0
-3750,362,9263,1133,1053,9880,0,000641678455219496,-1,36118871661391E-05,216,442307692308,751592911743008,0,0
-3750,362,9263,1133,1053,9880,0,000641678455219496,-1,36118871661391E-05,216,442307692308,751592911743008,0,0
-3750,362,9263,1133,1053,9880,0,000641678455219496,-1,36118871661391E-05,216,442307692308,68392114253724,0,0
-3750,362,9263,1133,1053,9880,0,000641678455219496,-1,36118871661391E-05,216,442307692308,68392114253724,0,0
-3750,362,9263,1133,1053,9880,0,000641678455219496,-1,36118871661391E-05,216,442307692308,68392114253724,0,0
-3750,362,9263,1133,1053,9880,0,000641678455219496,-1,36118871661391E-05,216,442307692308,68392114253724,0,0
-3750,362,9263,1133,1053,9880,0,000644537395124579,-1,36118871661391E-05,216,442307692308,68392114253724,0,0
-776,659,9948,-388,226,9990,0,00070651432441435,1,18780842950422E-05,270,442307692308,7,69586583658221E+15,0,0
-776,659,9948,-388,226,9990,0,00070651432441435,1,18780842950422E-05,270,442307692308,7,69586583658221E+15,0,0
-776,659,9948,-388,226,9990,0,00070651432441435,1,18780842950422E-05,270,442307692308,7,31875029562089E+15,0,0
-776,659,9948,-388,226,9990,0,00070651432441435,1,18780842950422E-05,270,442307692308,7,31875029562089E+15,0,0
-776,659,9948,-388,226,9990,0,00070651432441435,1,18780842950422E-05,270,442307692308,7,31875029562089E+15,0,0
-776,659,9948,-388,226,9990,0,00070651432441435,2,31354118960809E-05,270,442307692308,7,31875029562089E+15,0,0
-813,1072,9909,-388,226,9990,0,00070651432441435,2,31354118960809E-05,270,442307692308,7,31875029562089E+15,0,0
-813,1072,9909,-388,226,9990,0,00070651432441435,2,31354118960809E-05,270,442307692308,7,31875029562089E+15,0,0
-813,1072,9909,-388,226,9990,0,000719188665732293,2,31354118960809E-05,270,442307692308,6,91303065381588E+15,0,0
-813,1072,9909,-388,226,9990,0,000719188665732293,3,00620575331688E-05,270,442307692308,6,91303065381588E+15,0,0
-813,1072,9909,-388,226,9990,0,000719188665732293,3,00620575331688E-05,270,442307692308,6,91303065381588E+15,0,0
-813,1072,9909,-388,226,9990,0,000719188665732293,3,00620575331688E-05,270,442307692308,6,91303065381588E+15,0,0
-813,1072,9909,-388,226,9990,0,000719188665732293,3,00620575331688E-05,270,442307692308,6,91303065381588E+15,0,0
-813,1072,9909,-388,226,9990,0,000719188665732293,3,00620575331688E-05,270,442307692308,6,91303065381588E+15,0,0
-813,1072,9909,-388,226,9990,0,000719188665732293,3,00620575331688E-05,316,442307692308,7,28471591008917E+15,0,0
-813,1072,9909,-388,226,9990,0,000719188665732293,3,00620575331688E-05,316,442307692308,7,28471591008917E+15,0,0
-813,1072,9909,-388,226,9990,0,000719188665732293,3,00620575331688E-05,316,442307692308,7,28471591008917E+15,0,0
-813,1072,9909,-388,226,9990,0,000719188665732293,3,00620575331688E-05,316,442307692308,7,28471591008917E+15,0,0
-813,1072,9909,-388,226,9990,0,000721708413205681,3,00620575331688E-05,316,442307692308,7,28471591008917E+15,0,0
-813,1072,9909,-388,226,9990,0,000721708413205681,3,00620575331688E-05,316,442307692308,7,28471591008917E+15,0,0
-813,1072,9909,-388,226,9990,0,000721708413205681,3,00620575331688E-05,316,442307692308,7,28471591008917E+15,0,0
-813,1072,9909,-388,226,9990,0,000721708413205681,3,00620575331688E-05,316,442307692308,721050306633226,0,0
-813,1072,9909,-388,226,9990,0,000721708413205681,3,00620575331688E-05,316,442307692308,721050306633226,0,0
-813,1072,9909,-388,226,9990,0,000721708413205681,3,00620575331688E-05,316,442307692308,721050306633226,0,0
-813,1072,9909,-388,226,9990,0,000721708413205681,3,00620575331688E-05,316,442307692308,721050306633226,0,0
-813,1072,9909,-388,226,9990,0,000721708413205681,3,00620575331688E-05,316,442307692308,721050306633226,0,0
-813,1072,9909,-388,226,9990,0,000721708413205681,3,00620575331688E-05,316,442307692308,721050306633226,0,0
-813,1072,9909,-388,226,9990,0,000721708413205681,3,00620575331688E-05,316,442307692308,6,59920789099673E+15,0,0
-813,1072,9909,-388,226,9990,0,000721708413205681,3,00620575331688E-05,316,442307692308,6,59920789099673E+15,0,0
-813,1072,9909,-388,226,9990,0,000721708413205681,3,00620575331688E-05,316,442307692308,6,59920789099673E+15,0,0
-813,1072,9909,-388,226,9990,0,000721708413205681,3,00620575331688E-05,316,442307692308,6,59920789099673E+15,0,0
-813,1072,9909,-388,226,9990,0,000721708413205681,3,00620575331688E-05,316,442307692308,6,59920789099673E+15,0,0
-813,1072,9909,-388,226,9990,0,000721708413205681,3,00620575331688E-05,316,442307692308,6,59920789099673E+15,0,0
-813,1072,9909,-388,226,9990,0,000721708413205681,3,00620575331688E-05,316,442307692308,6,94694359693789E+15,0,0
-813,1072,9909,-388,226,9990,0,000721708413205681,3,00620575331688E-05,316,442307692308,6,94694359693789E+15,0,0
-813,1072,9909,-388,226,9990,0,000721708413205681,3,00620575331688E-05,316,442307692308,6,94694359693789E+15,0,0
-813,1072,9909,-388,226,9990,0,000721708413205681,3,00620575331688E-05,316,442307692308,6,94694359693789E+15,0,0
-813,1072,9909,-388,226,9990,0,000721708413205681,3,00620575331688E-05,316,442307692308,6,94694359693789E+15,0,0
-813,1072,9909,-388,226,9990,0,000721708413205681,3,00620575331688E-05,316,442307692308,6,94694359693789E+15,0,0
-813,1072,9909,-388,226,9990,0,000721708413205681,3,00620575331688E-05,316,442307692308,7,62948537073227E+15,0,0
-813,1072,9909,-388,226,9990,0,000721708413205681,3,00620575331688E-05,316,442307692308,7,62948537073227E+15,0,0
-813,1072,9909,-388,226,9990,0,000721708413205681,3,00620575331688E-05,316,442307692308,7,62948537073227E+15,0,0
-813,1072,9909,-388,226,9990,0,000721708413205681,3,00620575331688E-05,316,442307692308,7,62948537073227E+15,0,0
-813,1072,9909,-388,226,9990,0,000721708413205681,3,00620575331688E-05,316,442307692308,7,62948537073227E+15,0,0
-813,1072,9909,-388,226,9990,0,000721708413205681,3,00620575331688E-05,316,442307692308,7,62948537073227E+15,0,0
-813,1072,9909,-388,226,9990,0,000721708413205681,3,00620575331688E-05,316,442307692308,7,60998339132402E+15,0,0
-813,1072,9909,-388,226,9990,0,000721708413205681,3,00620575331688E-05,316,442307692308,7,60998339132402E+15,0,0
-813,1072,9909,-388,226,9990,0,000721708413205681,3,45907855513596E-05,316,442307692308,7,60998339132402E+15,0,0
-813,1072,9909,-169,1887,9819,0,000721708413205681,3,45907855513596E-05,316,442307692308,7,60998339132402E+15,0,0
-813,1072,9909,-169,1887,9819,0,000721708413205681,3,45907855513596E-05,316,442307692308,7,60998339132402E+15,0,0
-813,1072,9909,-169,1887,9819,0,000721708413205681,3,45907855513596E-05,316,442307692308,7,60998339132402E+15,0,0
-813,1072,9909,-169,1887,9819,0,000721708413205681,3,45907855513596E-05,316,442307692308,75360965216955,0,0
-813,1072,9909,-169,1887,9819,0,000721708413205681,3,45907855513596E-05,316,442307692308,75360965216955,0,0
-813,1072,9909,-169,1887,9819,0,000721708413205681,3,45907855513596E-05,316,442307692308,75360965216955,0,0
-813,1072,9909,-169,1887,9819,0,000721708413205681,3,45907855513596E-05,316,442307692308,75360965216955,0,0
-813,1072,9909,-169,1887,9819,0,000721708413205681,3,45907855513596E-05,316,442307692308,75360965216955,0,0
-813,1072,9909,-169,1887,9819,0,000721708413205681,3,45907855513596E-05,316,442307692308,75360965216955,0,0
-813,1072,9909,-169,1887,9819,0,000721708413205681,2,30797376219146E-05,316,442307692308,6,9073626446025E+15,0,0
-813,1072,9909,-169,1887,9819,0,000721708413205681,2,30797376219146E-05,316,442307692308,6,9073626446025E+15,0,0
-813,1072,9909,-169,1887,9819,0,000716047977329656,2,30797376219146E-05,316,442307692308,6,9073626446025E+15,0,0
-1123,1611,9805,-169,1887,9819,0,000716047977329656,2,30797376219146E-05,316,442307692308,6,9073626446025E+15,0,0
-1123,1611,9805,-169,1887,9819,0,000716047977329656,2,30797376219146E-05,316,442307692308,6,9073626446025E+15,0,0
-1123,1611,9805,-169,1887,9819,0,000716047977329656,2,30797376219146E-05,316,442307692308,6,9073626446025E+15,0,0
-1123,1611,9805,-169,1887,9819,0,000716047977329656,2,30797376219146E-05,316,442307692308,6,9073626446025E+15,0,0
-1123,1611,9805,-169,1887,9819,0,000716047977329656,2,30797376219146E-05,316,442307692308,4,15751693091473E+15,0,0
-1123,1611,9805,-169,1887,9819,0,000716047977329656,2,86906126894259E-05,316,442307692308,4,15751693091473E+15,0,0
-1123,1611,9805,-169,1887,9819,0,000716047977329656,2,86906126894259E-05,316,442307692308,4,15751693091473E+15,0,0
-1123,1611,9805,-169,1887,9819,0,000716047977329656,2,86906126894259E-05,316,442307692308,4,15751693091473E+15,0,0
-1123,1611,9805,-169,1887,9819,0,000716047977329656,2,86906126894259E-05,316,442307692308,4,15751693091473E+15,0,0
-1123,1611,9805,-169,1887,9819,0,000716047977329656,2,86906126894259E-05,316,442307692308,4,15751693091473E+15,0,0
-1123,1611,9805,-169,1887,9819,0,000716047977329656,2,86906126894259E-05,344,442307692308,3,53613392027831E+15,0,0
-1123,1611,9805,-169,1887,9819,0,000716047977329656,2,86906126894259E-05,344,442307692308,3,53613392027831E+15,0,0
-1123,1611,9805,-169,1887,9819,0,000716047977329656,2,86906126894259E-05,344,442307692308,3,53613392027831E+15,0,0
-1123,1611,9805,-169,1887,9819,0,000716047977329656,2,86906126894259E-05,344,442307692308,3,53613392027831E+15,0,0
-1123,1611,9805,-169,1887,9819,0,000716047977329656,2,86906126894259E-05,344,442307692308,3,53613392027831E+15,0,0
-1123,1611,9805,-169,1887,9819,0,000716047977329656,2,86906126894259E-05,344,442307692308,3,53613392027831E+15,0,0
-1123,1611,9805,-169,1887,9819,0,000716047977329656,2,86906126894259E-05,344,442307692308,6,89932273946106E+15,0,0
-1123,1611,9805,-169,1887,9819,0,000716047977329656,2,86906126894259E-05,344,442307692308,6,89932273946106E+15,0,0
-1123,1611,9805,-169,1887,9819,0,000716047977329656,2,86906126894259E-05,344,442307692308,6,89932273946106E+15,0,0
-1123,1611,9805,-169,1887,9819,0,000716047977329656,2,86906126894259E-05,344,442307692308,6,89932273946106E+15,0,0
-1123,1611,9805,-169,1887,9819,0,000716047977329656,2,86906126894259E-05,344,442307692308,6,89932273946106E+15,0,0
-1123,1611,9805,-169,1887,9819,0,000716047977329656,2,86906126894259E-05,344,442307692308,6,89932273946106E+15,0,0
-1123,1611,9805,-169,1887,9819,0,000716047977329656,2,86906126894259E-05,344,442307692308,6,89932273946106E+15,0,0
-1123,1611,9805,-169,1887,9819,0,000819949336708817,2,86906126894259E-05,344,442307692308,8,56268807721185E+15,0,0
-1123,1611,9805,-169,1887,9819,0,000819949336708817,2,86906126894259E-05,344,442307692308,8,56268807721185E+15,0,0
-1123,1611,9805,-169,1887,9819,0,000819949336708817,2,86906126894259E-05,344,442307692308,8,56268807721185E+15,0,0
-1123,1611,9805,-169,1887,9819,0,000819949336708817,2,86906126894259E-05,344,442307692308,8,56268807721185E+15,0,0
-1123,1611,9805,-169,1887,9819,0,000819949336708817,2,86906126894259E-05,344,442307692308,8,56268807721185E+15,0,0
-1123,1611,9805,-169,1887,9819,0,000819949336708817,2,86906126894259E-05,344,442307692308,8,56268807721185E+15,0,0
-1123,1611,9805,-169,1887,9819,0,000819949336708817,2,86906126894259E-05,344,442307692308,7,01944071915653E+15,0,0
-1123,1611,9805,-169,1887,9819,0,000819949336708817,2,86906126894259E-05,344,442307692308,7,01944071915653E+15,0,0
-71,2103,9776,-169,1887,9819,3,35963973881635E-05,2,86906126894259E-05,344,442307692308,7,01944071915653E+15,0,0
-71,2103,9776,-169,1887,9819,3,35963973881635E-05,2,86906126894259E-05,344,442307692308,7,01944071915653E+15,0,0
-71,2103,9776,-169,1887,9819,3,35963973881635E-05,2,86906126894259E-05,344,442307692308,7,01944071915653E+15,0,0
-71,2103,9776,-169,1887,9819,3,35963973881635E-05,2,86906126894259E-05,344,442307692308,7,01944071915653E+15,0,0
-71,2103,9776,-169,1887,9819,3,35963973881635E-05,2,86906126894259E-05,344,442307692308,7,01944071915653E+15,0,0
-71,2103,9776,-169,1887,9819,3,35963973881635E-05,2,86906126894259E-05,344,442307692308,5,74452310460647E+15,0,0
-71,2103,9776,-169,1887,9819,3,35963973881635E-05,2,86906126894259E-05,344,442307692308,5,74452310460647E+15,0,0
-71,2103,9776,-169,1887,9819,3,35963973881635E-05,2,86906126894259E-05,344,442307692308,5,74452310460647E+15,0,0
-71,2103,9776,-169,1887,9819,3,35963973881635E-05,2,86906126894259E-05,344,442307692308,5,74452310460647E+15,0,0
-71,2103,9776,-169,1887,9819,3,35963973881635E-05,2,86906126894259E-05,344,442307692308,5,74452310460647E+15,0,0
-71,2103,9776,-169,1887,9819,3,35963973881635E-05,2,86906126894259E-05,344,442307692308,6,05995892402347E+15,0,0
-71,2103,9776,-169,1887,9819,3,35963973881635E-05,2,86906126894259E-05,344,442307692308,6,05995892402347E+15,0,0
-71,2103,9776,-169,1887,9819,3,35963973881635E-05,2,86906126894259E-05,344,442307692308,6,05995892402347E+15,0,0
-71,2103,9776,-169,1887,9819,3,35963973881635E-05,2,86906126894259E-05,344,442307692308,6,05995892402347E+15,0,0
-71,2103,9776,-169,1887,9819,3,35963973881635E-05,2,86906126894259E-05,344,442307692308,6,05995892402347E+15,0,0
-71,2103,9776,-169,1887,9819,3,35963973881635E-05,2,86906126894259E-05,344,442307692308,6,05995892402347E+15,0,0
-71,2103,9776,-169,1887,9819,3,35963973881635E-05,2,86906126894259E-05,344,442307692308,6,05995892402347E+15,0,0
-71,2103,9776,-169,1887,9819,3,35963973881635E-05,2,86906126894259E-05,344,442307692308,6,67862014197392E+15,0,0
-71,2103,9776,-169,1887,9819,3,35963973881635E-05,2,86906126894259E-05,344,442307692308,6,67862014197392E+15,0,0
-71,2103,9776,-169,1887,9819,3,35963973881635E-05,5,87191397901716E-05,344,442307692308,6,67862014197392E+15,0,0
-71,2103,9776,-169,1887,9819,3,35963973881635E-05,5,87191397901716E-05,344,442307692308,6,67862014197392E+15,0,0
-71,2103,9776,-169,1887,9819,6,49270104740406E-05,5,87191397901716E-05,344,442307692308,6,67862014197392E+15,0,0
-71,2103,9776,-169,1887,9819,6,49270104740406E-05,5,87191397901716E-05,344,442307692308,6,67862014197392E+15,0,0
-71,2103,9776,-169,1887,9819,6,49270104740406E-05,5,87191397901716E-05,344,442307692308,718405681516019,0,0
-71,2103,9776,-169,1887,9819,6,49270104740406E-05,3,07051327866699E-05,344,442307692308,718405681516019,0,0
-71,2103,9776,-169,1887,9819,6,49270104740406E-05,3,07051327866699E-05,344,442307692308,718405681516019,0,0
-71,2103,9776,-169,1887,9819,6,49270104740406E-05,3,07051327866699E-05,344,442307692308,718405681516019,0,0
-71,2103,9776,-169,1887,9819,6,49270104740406E-05,3,07051327866699E-05,344,442307692308,718405681516019,0,0
-71,2103,9776,-169,1887,9819,6,49270104740406E-05,3,07051327866699E-05,344,442307692308,718405681516019,0,0
-71,2103,9776,-169,1887,9819,6,49270104740406E-05,3,07051327866699E-05,344,442307692308,718405681516019,0,0
-71,2103,9776,-169,1887,9819,6,49270104740406E-05,3,07051327866699E-05,344,442307692308,7,51216740148491E+15,0,0
-71,2103,9776,-169,1887,9819,6,49270104740406E-05,3,07051327866699E-05,344,442307692308,7,51216740148491E+15,0,0
-71,2103,9776,-169,1887,9819,6,49270104740406E-05,3,07051327866699E-05,344,442307692308,7,51216740148491E+15,0,0
-71,2103,9776,-169,1887,9819,6,49270104740406E-05,3,07051327866699E-05,344,442307692308,7,51216740148491E+15,0,0
-71,2103,9776,-169,1887,9819,6,49270104740406E-05,3,07051327866699E-05,344,442307692308,7,51216740148491E+15,0,0
-71,2103,9776,-169,1887,9819,6,49270104740406E-05,3,07051327866699E-05,344,442307692308,7,51216740148491E+15,0,0
-71,2103,9776,-169,1887,9819,6,49270104740406E-05,3,07051327866699E-05,463,442307692308,7,72023418473768E+15,0,0
-71,2103,9776,-169,1887,9819,6,11009941516663E-05,3,07051327866699E-05,463,442307692308,7,72023418473768E+15,0,0
354,2379,9706,-169,1887,9819,6,11009941516663E-05,3,07051327866699E-05,463,442307692308,7,72023418473768E+15,0,0
354,2379,9706,-169,1887,9819,6,11009941516663E-05,3,07051327866699E-05,463,442307692308,7,72023418473768E+15,0,0
354,2379,9706,-169,1887,9819,6,11009941516663E-05,3,07051327866699E-05,463,442307692308,7,72023418473768E+15,0,0
354,2379,9706,-169,1887,9819,6,11009941516663E-05,3,07051327866699E-05,463,442307692308,7,72023418473768E+15,0,0
354,2379,9706,-169,1887,9819,6,11009941516663E-05,3,07051327866699E-05,463,442307692308,7,84452424138083E+15,0,0
354,2379,9706,-169,1887,9819,6,11009941516663E-05,3,07051327866699E-05,463,442307692308,7,84452424138083E+15,0,0
354,2379,9706,-169,1887,9819,6,11009941516663E-05,3,07051327866699E-05,463,442307692308,7,84452424138083E+15,0,0
354,2379,9706,-169,1887,9819,6,11009941516663E-05,3,07051327866699E-05,463,442307692308,7,84452424138083E+15,0,0
354,2379,9706,-169,1887,9819,6,11009941516663E-05,3,07051327866699E-05,463,442307692308,7,84452424138083E+15,0,0
354,2379,9706,-169,1887,9819,6,11009941516663E-05,3,07051327866699E-05,463,442307692308,7,84452424138083E+15,0,0
354,2379,9706,-169,1887,9819,6,11009941516663E-05,3,07051327866699E-05,463,442307692308,7,93364149860967E+15,0,0
354,2379,9706,-169,1887,9819,6,11009941516663E-05,3,07051327866699E-05,463,442307692308,7,93364149860967E+15,0,0
354,2379,9706,-169,1887,9819,6,11009941516663E-05,3,07051327866699E-05,463,442307692308,7,93364149860967E+15,0,0
354,2379,9706,-169,1887,9819,6,11009941516663E-05,3,07051327866699E-05,463,442307692308,7,93364149860967E+15,0,0
354,2379,9706,-169,1887,9819,6,11009941516663E-05,3,07051327866699E-05,463,442307692308,7,93364149860967E+15,0,0
354,2379,9706,-169,1887,9819,6,11009941516663E-05,3,07051327866699E-05,463,442307692308,7,93364149860967E+15,0,0
354,2379,9706,-169,1887,9819,6,11009941516663E-05,3,07051327866699E-05,463,442307692308,7,96982492550395E+15,0,0
354,2379,9706,-169,1887,9819,6,11009941516663E-05,4,09308865514961E-05,463,442307692308,7,96982492550395E+15,0,0
354,2379,9706,-169,1887,9819,6,11009941516663E-05,4,09308865514961E-05,463,442307692308,7,96982492550395E+15,0,0
354,2379,9706,-169,1887,9819,6,11009941516663E-05,4,09308865514961E-05,463,442307692308,7,96982492550395E+15,0,0
448,1920,9804,-169,1887,9819,-1,30776685533474E-06,4,09308865514961E-05,463,442307692308,7,96982492550395E+15,0,0
448,1920,9804,-169,1887,9819,-1,30776685533474E-06,4,09308865514961E-05,463,442307692308,7,96982492550395E+15,0,0
448,1920,9804,-169,1887,9819,-1,30776685533474E-06,4,09308865514961E-05,463,442307692308,7,96982492550395E+15,0,0
448,1920,9804,-169,1887,9819,-1,30776685533474E-06,4,09308865514961E-05,463,442307692308,8,03405744222451E+15,0,0
448,1920,9804,-169,1887,9819,-1,30776685533474E-06,4,09308865514961E-05,463,442307692308,8,03405744222451E+15,0,0
448,1920,9804,-169,1887,9819,-1,30776685533474E-06,4,09308865514961E-05,463,442307692308,8,03405744222451E+15,0,0
448,1920,9804,-169,1887,9819,-1,30776685533474E-06,4,09308865514961E-05,463,442307692308,8,03405744222451E+15,0,0
448,1920,9804,-169,1887,9819,-1,30776685533474E-06,4,09308865514961E-05,463,442307692308,8,03405744222451E+15,0,0
448,1920,9804,-169,1887,9819,-1,30776685533474E-06,4,09308865514961E-05,463,442307692308,8,03405744222451E+15,0,0
448,1920,9804,-169,1887,9819,-1,30776685533474E-06,4,09308865514961E-05,463,442307692308,804104825322248,0,0
448,1920,9804,-169,1887,9819,-1,30776685533474E-06,4,09308865514961E-05,463,442307692308,804104825322248,0,0
448,1920,9804,-169,1887,9819,-1,30776685533474E-06,4,09308865514961E-05,463,442307692308,804104825322248,0,0
448,1920,9804,-169,1887,9819,-1,30776685533474E-06,4,09308865514961E-05,463,442307692308,804104825322248,0,0
448,1920,9804,-169,1887,9819,-1,30776685533474E-06,4,09308865514961E-05,463,442307692308,804104825322248,0,0
448,1920,9804,-169,1887,9819,-1,30776685533474E-06,4,09308865514961E-05,463,442307692308,804104825322248,0,0
448,1920,9804,-169,1887,9819,-1,30776685533474E-06,4,09308865514961E-05,463,442307692308,7,99825198795273E+15,0,0
448,1920,9804,-169,1887,9819,-1,30776685533474E-06,4,09308865514961E-05,463,442307692308,7,99825198795273E+15,0,0
448,1920,9804,-169,1887,9819,-1,30776685533474E-06,4,09308865514961E-05,463,442307692308,7,99825198795273E+15,0,0
448,1920,9804,-169,1887,9819,-1,30776685533474E-06,4,09308865514961E-05,463,442307692308,7,99825198795273E+15,0,0
448,1920,9804,-169,1887,9819,-1,30776685533474E-06,4,09308865514961E-05,463,442307692308,7,99825198795273E+15,0,0
448,1920,9804,-169,1887,9819,-1,30776685533474E-06,4,09308865514961E-05,463,442307692308,7,99825198795273E+15,0,0
448,1920,9804,-169,1887,9819,-1,30776685533474E-06,4,09308865514961E-05,463,442307692308,7,92665330116198E+15,0,0
448,1920,9804,-169,1887,9819,-1,30776685533474E-06,4,09308865514961E-05,463,442307692308,7,92665330116198E+15,0,0
448,1920,9804,-169,1887,9819,-1,30776685533474E-06,4,09308865514961E-05,463,442307692308,7,92665330116198E+15,0,0
-527,1074,9928,-169,1887,9819,-1,30776685533474E-06,4,09308865514961E-05,463,442307692308,7,92665330116198E+15,0,0
-527,1074,9928,-169,1887,9819,-1,30776685533474E-06,4,09308865514961E-05,463,442307692308,7,92665330116198E+15,0,0
-527,1074,9928,-169,1887,9819,-1,30776685533474E-06,4,09308865514961E-05,463,442307692308,7,92665330116198E+15,0,0
-527,1074,9928,-169,1887,9819,-1,30776685533474E-06,4,09308865514961E-05,463,442307692308,7,92665330116198E+15,0,0
-527,1074,9928,-169,1887,9819,-1,30776685533474E-06,4,09308865514961E-05,463,442307692308,7,84341744248754E+15,0,0
-172,1142,9933,-169,1887,9819,-1,30776685533474E-06,4,09308865514961E-05,463,442307692308,7,84341744248754E+15,0,0
-172,1142,9933,-169,1887,9819,-1,30776685533474E-06,4,09308865514961E-05,463,442307692308,7,84341744248754E+15,0,0
-172,1142,9933,-169,1887,9819,-1,30776685533474E-06,4,09308865514961E-05,463,442307692308,7,84341744248754E+15,0,0
-172,1142,9933,-169,1887,9819,-1,30776685533474E-06,4,09308865514961E-05,463,442307692308,7,84341744248754E+15,0,0
-172,1142,9933,-169,1887,9819,-1,30776685533474E-06,4,09308865514961E-05,463,442307692308,7,84341744248754E+15,0,0
-172,1142,9933,760,1458,9864,-1,30776685533474E-06,1,85634195531499E-05,533,442307692308,7,49006540643729E+15,0,0
-172,1142,9933,760,1458,9864,-1,30776685533474E-06,1,85634195531499E-05,533,442307692308,7,49006540643729E+15,0,0
-172,1142,9933,760,1458,9864,-1,30776685533474E-06,1,85634195531499E-05,533,442307692308,7,49006540643729E+15,0,0
-172,1142,9933,760,1458,9864,-1,30776685533474E-06,1,85634195531499E-05,533,442307692308,7,49006540643729E+15,0,0
142,1580,9873,760,1458,9864,-1,30776685533474E-06,1,85634195531499E-05,533,442307692308,7,49006540643729E+15,0,0
142,1580,9873,760,1458,9864,9,48916466287916E-06,1,85634195531499E-05,533,442307692308,7,49006540643729E+15,0,0
142,1580,9873,760,1458,9864,9,48916466287916E-06,1,85634195531499E-05,533,442307692308,7,06935906720231E+15,0,0
142,1580,9873,760,1458,9864,9,48916466287916E-06,1,85634195531499E-05,533,442307692308,7,06935906720231E+15,0,0
142,1580,9873,760,1458,9864,9,48916466287916E-06,1,85634195531499E-05,533,442307692308,7,06935906720231E+15,0,0
142,1580,9873,760,1458,9864,9,48916466287916E-06,1,85634195531499E-05,533,442307692308,7,06935906720231E+15,0,0
142,1580,9873,760,1458,9864,9,48916466287916E-06,1,85634195531499E-05,533,442307692308,7,06935906720231E+15,0,0
142,1580,9873,760,1458,9864,9,48916466287916E-06,1,85634195531499E-05,533,442307692308,7,06935906720231E+15,0,0
142,1580,9873,760,1458,9864,9,48916466287916E-06,1,85634195531499E-05,533,442307692308,6,91350918981862E+15,0,0
142,1580,9873,760,1458,9864,9,48916466287916E-06,1,85634195531499E-05,533,442307692308,6,91350918981862E+15,0,0
142,1580,9873,760,1458,9864,9,48916466287916E-06,1,85634195531499E-05,533,442307692308,6,91350918981862E+15,0,0
142,1580,9873,760,1458,9864,9,48916466287916E-06,1,85634195531499E-05,533,442307692308,6,91350918981862E+15,0,0
142,1580,9873,760,1458,9864,9,48916466287916E-06,1,85634195531499E-05,533,442307692308,6,91350918981862E+15,0,0
142,1580,9873,760,1458,9864,9,48916466287916E-06,1,85634195531499E-05,533,442307692308,6,91350918981862E+15,0,0
142,1580,9873,1768,2035,9630,9,48916466287916E-06,1,85634195531499E-05,533,442307692308,6,92366953144048E+15,0,0
142,1580,9873,1768,2035,9630,9,48916466287916E-06,1,85634195531499E-05,533,442307692308,6,92366953144048E+15,0,0
142,1580,9873,1768,2035,9630,9,48916466287916E-06,1,85634195531499E-05,533,442307692308,6,92366953144048E+15,0,0
142,1580,9873,1768,2035,9630,9,48916466287916E-06,1,85634195531499E-05,533,442307692308,6,92366953144048E+15,0,0
142,1580,9873,1768,2035,9630,9,48916466287916E-06,1,85634195531499E-05,533,442307692308,6,92366953144048E+15,0,0
142,1580,9873,1768,2035,9630,9,48916466287916E-06,1,85634195531499E-05,533,442307692308,6,92366953144048E+15,0,0
142,1580,9873,1768,2035,9630,9,48916466287916E-06,1,85634195531499E-05,533,442307692308,6,92366953144048E+15,0,0
142,1580,9873,1768,2035,9630,9,48916466287916E-06,1,85634195531499E-05,533,442307692308,7,15510429711414E+15,0,0
142,1580,9873,1768,2035,9630,9,48916466287916E-06,1,85634195531499E-05,533,442307692308,7,15510429711414E+15,0,0
142,1580,9873,1768,2035,9630,9,48916466287916E-06,1,85634195531499E-05,533,442307692308,7,15510429711414E+15,0,0
142,1580,9873,1768,2035,9630,9,48916466287916E-06,1,85634195531499E-05,533,442307692308,7,15510429711414E+15,0,0
142,1580,9873,1768,2035,9630,9,48916466287916E-06,1,85634195531499E-05,533,442307692308,7,15510429711414E+15,0,0
142,1580,9873,1768,2035,9630,9,48916466287916E-06,1,85634195531499E-05,533,442307692308,7,15510429711414E+15,0,0
142,1580,9873,1768,2035,9630,9,48916466287916E-06,1,85634195531499E-05,533,442307692308,7,49161998081848E+15,0,0
142,1580,9873,1768,2035,9630,9,48916466287916E-06,3,55299564765996E-06,533,442307692308,7,49161998081848E+15,0,0
142,1580,9873,1768,2035,9630,9,48916466287916E-06,3,55299564765996E-06,533,442307692308,7,49161998081848E+15,0,0
142,1580,9873,1768,2035,9630,9,48916466287916E-06,3,55299564765996E-06,533,442307692308,7,49161998081848E+15,0,0
142,1580,9873,1768,2035,9630,9,48916466287916E-06,3,55299564765996E-06,533,442307692308,7,49161998081848E+15,0,0
142,1580,9873,1768,2035,9630,9,48916466287916E-06,3,55299564765996E-06,533,442307692308,7,49161998081848E+15,0,0
142,1580,9873,1768,2035,9630,9,48916466287916E-06,3,55299564765996E-06,533,442307692308,7,6364971663768E+15,0,0
142,1580,9873,1768,2035,9630,2,67541878141475E-06,3,55299564765996E-06,533,442307692308,7,6364971663768E+15,0,0
142,1580,9873,1768,2035,9630,2,67541878141475E-06,3,55299564765996E-06,533,442307692308,7,6364971663768E+15,0,0
142,1580,9873,1768,2035,9630,2,67541878141475E-06,3,55299564765996E-06,533,442307692308,7,6364971663768E+15,0,0
142,1580,9873,1768,2035,9630,2,67541878141475E-06,3,55299564765996E-06,533,442307692308,7,6364971663768E+15,0,0
142,1580,9873,684,1888,9796,2,67541878141475E-06,3,55299564765996E-06,533,442307692308,7,6364971663768E+15,0,0
142,1580,9873,684,1888,9796,2,67541878141475E-06,3,55299564765996E-06,533,442307692308,7,6364971663768E+15,0,0
142,1580,9873,684,1888,9796,2,67541878141475E-06,3,55299564765996E-06,533,442307692308,7,75062309981266E+15,0,0
142,1580,9873,684,1888,9796,2,67541878141475E-06,3,55299564765996E-06,533,442307692308,7,75062309981266E+15,0,0
142,1580,9873,684,1888,9796,2,67541878141475E-06,3,55299564765996E-06,533,442307692308,7,75062309981266E+15,0,0
142,1580,9873,684,1888,9796,2,67541878141475E-06,3,55299564765996E-06,533,442307692308,7,75062309981266E+15,0,0
142,1580,9873,684,1888,9796,2,67541878141475E-06,3,55299564765996E-06,533,442307692308,7,75062309981266E+15,0,0
142,1580,9873,684,1888,9796,2,67541878141475E-06,3,55299564765996E-06,533,442307692308,7,75062309981266E+15,0,0
142,1580,9873,684,1888,9796,2,67541878141475E-06,3,55299564765996E-06,533,442307692308,7,83614511062938E+15,0,0
142,1580,9873,684,1888,9796,2,67541878141475E-06,3,55299564765996E-06,533,442307692308,7,83614511062938E+15,0,0
142,1580,9873,684,1888,9796,2,67541878141475E-06,3,55299564765996E-06,533,442307692308,7,83614511062938E+15,0,0
142,1580,9873,684,1888,9796,2,67541878141475E-06,3,55299564765996E-06,533,442307692308,7,83614511062938E+15,0,0
142,1580,9873,684,1888,9796,2,67541878141475E-06,3,55299564765996E-06,533,442307692308,7,83614511062938E+15,0,0
142,1580,9873,684,1888,9796,2,67541878141475E-06,3,55299564765996E-06,533,442307692308,7,83614511062938E+15,0,0
142,1580,9873,684,1888,9796,2,67541878141475E-06,3,55299564765996E-06,568,442307692308,7,84609025168658E+15,0,0
142,1580,9873,684,1888,9796,2,67541878141475E-06,3,55299564765996E-06,568,442307692308,7,84609025168658E+15,0,0
142,1580,9873,684,1888,9796,2,67541878141475E-06,3,55299564765996E-06,568,442307692308,7,84609025168658E+15,0,0
142,1580,9873,684,1888,9796,2,67541878141475E-06,3,55299564765996E-06,568,442307692308,7,84609025168658E+15,0,0
142,1580,9873,684,1888,9796,2,67541878141475E-06,3,55299564765996E-06,568,442307692308,7,84609025168658E+15,0,0
142,1580,9873,684,1888,9796,2,67541878141475E-06,3,55299564765996E-06,568,442307692308,7,84609025168658E+15,0,0
142,1580,9873,684,1888,9796,2,67541878141475E-06,3,55299564765996E-06,568,442307692308,7,86246019201891E+15,0,0
142,1580,9873,684,1888,9796,2,67541878141475E-06,3,55299564765996E-06,568,442307692308,7,86246019201891E+15,0,0
142,1580,9873,684,1888,9796,2,67541878141475E-06,-1,44945555342857E-06,568,442307692308,7,86246019201891E+15,0,0
142,1580,9873,684,1888,9796,2,67541878141475E-06,-1,44945555342857E-06,568,442307692308,7,86246019201891E+15,0,0
142,1580,9873,684,1888,9796,2,67541878141475E-06,-1,44945555342857E-06,568,442307692308,7,86246019201891E+15,0,0
142,1580,9873,684,1888,9796,2,67541878141475E-06,-1,44945555342857E-06,568,442307692308,7,86246019201891E+15,0,0
142,1580,9873,684,1888,9796,2,67541878141475E-06,-1,44945555342857E-06,568,442307692308,7,86246019201891E+15,0,0
142,1580,9873,684,1888,9796,2,67541878141475E-06,-1,44945555342857E-06,568,442307692308,7,86413758185516E+15,0,0
142,1580,9873,684,1888,9796,2,67541878141475E-06,-1,44945555342857E-06,568,442307692308,7,86413758185516E+15,0,0
142,1580,9873,684,1888,9796,-4,47799179522053E-05,-1,44945555342857E-06,568,442307692308,7,86413758185516E+15,0,0
142,1580,9873,684,1888,9796,-4,47799179522053E-05,-1,44945555342857E-06,568,442307692308,7,86413758185516E+15,0,0
142,1580,9873,684,1888,9796,-4,47799179522053E-05,-1,44945555342857E-06,568,442307692308,7,86413758185516E+15,0,0
142,1580,9873,684,1888,9796,-4,47799179522053E-05,-1,44945555342857E-06,568,442307692308,7,86413758185516E+15,0,0
142,1580,9873,684,1888,9796,-4,47799179522053E-05,-1,44945555342857E-06,568,442307692308,7,85643967582953E+15,0,0
142,1580,9873,684,1888,9796,-4,47799179522053E-05,-1,44945555342857E-06,568,442307692308,7,85643967582953E+15,0,0
-111,960,9953,600,2390,9692,-4,56907291566841E-05,0,000367674412454006,643,442307692308,7,56108026624886E+15,0,0
-111,960,9953,600,2390,9692,-4,56907291566841E-05,0,000367674412454006,643,442307692308,7,56108026624886E+15,0,0
-111,960,9953,600,2390,9692,-4,56907291566841E-05,0,000367674412454006,643,442307692308,7,56108026624886E+15,0,0
-111,960,9953,600,2390,9692,-4,56907291566841E-05,0,000367674412454006,643,442307692308,7,56108026624886E+15,0,0
-111,960,9953,600,2390,9692,-4,56907291566841E-05,0,000367674412454006,643,442307692308,7,52563892874187E+15,0,0
-111,960,9953,600,2390,9692,-4,56907291566841E-05,0,000367674412454006,643,442307692308,7,52563892874187E+15,0,0
-111,960,9953,600,2390,9692,-4,56907291566841E-05,0,000367674412454006,643,442307692308,7,52563892874187E+15,0,0
-111,960,9953,600,2390,9692,-4,56907291566841E-05,0,000367674412454006,643,442307692308,7,52563892874187E+15,0,0
-111,960,9953,600,2390,9692,-4,56907291566841E-05,0,000367674412454006,643,442307692308,7,52563892874187E+15,0,0
-111,960,9953,600,2390,9692,-4,56907291566841E-05,0,000367674412454006,643,442307692308,7,52563892874187E+15,0,0
-111,960,9953,600,2390,9692,-4,56907291566841E-05,0,000367674412454006,643,442307692308,7,52563892874187E+15,0,0
-111,960,9953,600,2390,9692,-4,56907291566841E-05,0,000367674412454006,643,442307692308,7,50126105483331E+15,0,0
-111,960,9953,600,2390,9692,-4,56907291566841E-05,0,000367674412454006,643,442307692308,7,50126105483331E+15,0,0
-111,960,9953,600,2390,9692,-4,56907291566841E-05,0,000367674412454006,643,442307692308,7,50126105483331E+15,0,0
-111,960,9953,600,2390,9692,-4,56907291566841E-05,0,000367674412454006,643,442307692308,7,50126105483331E+15,0,0
-111,960,9953,600,2390,9692,-4,56907291566841E-05,0,000367674412454006,643,442307692308,7,50126105483331E+15,0,0
-111,960,9953,600,2390,9692,-4,56907291566841E-05,0,000367674412454006,643,442307692308,7,50126105483331E+15,0,0
-111,960,9953,600,2390,9692,-4,56907291566841E-05,0,000367674412454006,643,442307692308,7,49211466149906E+15,0,0
-111,960,9953,600,2390,9692,-4,56907291566841E-05,0,000367674412454006,643,442307692308,7,49211466149906E+15,0,0
-111,960,9953,600,2390,9692,-4,56907291566841E-05,0,000367674412454006,643,442307692308,7,49211466149906E+15,0,0
-111,960,9953,600,2390,9692,1,42698292536608E-05,0,000367674412454006,643,442307692308,7,49211466149906E+15,0,0
-111,960,9953,600,2390,9692,1,42698292536608E-05,0,000367674412454006,643,442307692308,7,49211466149906E+15,0,0
-111,960,9953,600,2390,9692,1,42698292536608E-05,0,000367674412454006,643,442307692308,7,49211466149906E+15,0,0
-111,960,9953,600,2390,9692,1,42698292536608E-05,0,000367674412454006,643,442307692308,7,45982895963229E+15,0,0
-111,960,9953,600,2390,9692,1,42698292536608E-05,0,000367674412454006,643,442307692308,7,45982895963229E+15,0,0
-111,960,9953,600,2390,9692,1,41029472565084E-05,0,000367674412454006,643,442307692308,7,45982895963229E+15,0,0
-111,960,9953,600,2390,9692,1,41029472565084E-05,0,000367674412454006,643,442307692308,7,45982895963229E+15,0,0
-111,960,9953,600,2390,9692,1,41029472565084E-05,0,000367674412454006,643,442307692308,7,45982895963229E+15,0,0
-111,960,9953,600,2390,9692,1,41029472565084E-05,0,000367674412454006,643,442307692308,7,45982895963229E+15,0,0
-111,960,9953,600,2390,9692,1,41029472565084E-05,0,000367674412454006,643,442307692308,7,45982895963229E+15,0,0
-111,960,9953,600,2390,9692,1,41029472565084E-05,0,000367674412454006,643,442307692308,7,46244478383582E+15,0,0
-111,960,9953,600,2390,9692,1,41029472565084E-05,0,000367674412454006,643,442307692308,7,46244478383582E+15,0,0
-111,960,9953,600,2390,9692,1,41029472565084E-05,0,000367674412454006,643,442307692308,7,46244478383582E+15,0,0
-111,960,9953,600,2390,9692,1,41029472565084E-05,0,000367674412454006,643,442307692308,7,46244478383582E+15,0,0
-111,960,9953,600,2390,9692,1,41029472565084E-05,0,000367674412454006,643,442307692308,7,46244478383582E+15,0,0
-111,960,9953,600,2390,9692,1,41029472565084E-05,0,000367674412454006,643,442307692308,7,46604044913293E+15,0,0
-111,960,9953,600,2390,9692,1,41029472565084E-05,0,000367674412454006,643,442307692308,7,46604044913293E+15,0,0
-111,960,9953,600,2390,9692,1,41029472565084E-05,0,000367674412454006,643,442307692308,7,46604044913293E+15,0,0
-111,960,9953,600,2390,9692,1,41029472565084E-05,0,000367219599486742,643,442307692308,7,46604044913293E+15,0,0
-111,960,9953,600,2390,9692,1,41029472565084E-05,0,000367219599486742,643,442307692308,7,46604044913293E+15,0,0
-111,960,9953,600,2390,9692,1,41029472565084E-05,0,000367219599486742,643,442307692308,7,46604044913293E+15,0,0
-111,960,9953,600,2390,9692,1,41029472565084E-05,0,000367219599486742,680,442307692308,7,44706160999981E+15,0,0
-111,960,9953,600,2390,9692,1,41029472565084E-05,0,000367219599486742,680,442307692308,7,44706160999981E+15,0,0
-111,960,9953,600,2390,9692,1,41029472565084E-05,0,000367219599486742,680,442307692308,7,44706160999981E+15,0,0
-111,960,9953,600,2390,9692,1,41029472565084E-05,0,000367219599486742,680,442307692308,7,44706160999981E+15,0,0
-111,960,9953,600,2390,9692,1,41029472565084E-05,0,000367219599486742,680,442307692308,7,44706160999981E+15,0,0
-111,960,9953,600,2390,9692,1,41029472565084E-05,0,000367219599486742,680,442307692308,7,44706160999981E+15,0,0
609,3099,9488,600,2390,9692,1,41029472565084E-05,0,000367219599486742,680,442307692308,7,45544412831348E+15,0,0
609,3099,9488,600,2390,9692,1,41029472565084E-05,0,000367219599486742,680,442307692308,7,45544412831348E+15,0,0
609,3099,9488,600,2390,9692,1,41029472565084E-05,0,000367219599486742,680,442307692308,7,45544412831348E+15,0,0
609,3099,9488,600,2390,9692,1,41029472565084E-05,0,000367219599486742,680,442307692308,7,45544412831348E+15,0,0
609,3099,9488,600,2390,9692,1,41029472565084E-05,0,000367219599486742,680,442307692308,7,45544412831348E+15,0,0
609,3099,9488,600,2390,9692,1,41029472565084E-05,0,000367219599486742,680,442307692308,7,45544412831348E+15,0,0
609,3099,9488,600,2390,9692,1,41029472565084E-05,0,000367219599486742,680,442307692308,7,45544412831348E+15,0,0
609,3099,9488,600,2390,9692,1,41029472565084E-05,0,000367219599486742,680,442307692308,7,46820899288317E+15,0,0
609,3099,9488,600,2390,9692,1,41029472565084E-05,0,000367219599486742,680,442307692308,7,46820899288317E+15,0,0
609,3099,9488,600,2390,9692,1,41029472565084E-05,0,000367219599486742,680,442307692308,7,46820899288317E+15,0,0
609,3099,9488,600,2390,9692,1,41029472565084E-05,0,000370835408323117,680,442307692308,7,46820899288317E+15,0,0
609,3099,9488,600,2390,9692,1,41029472565084E-05,0,000370835408323117,680,442307692308,7,46820899288317E+15,0,0
609,3099,9488,600,2390,9692,1,41029472565084E-05,0,000370835408323117,680,442307692308,7,46820899288317E+15,0,0
609,3099,9488,600,2390,9692,1,89295753815277E-05,0,000370835408323117,680,442307692308,7,47803068074729E+15,0,0
726,3141,9466,600,2390,9692,1,89295753815277E-05,0,000370835408323117,680,442307692308,7,47803068074729E+15,0,0
726,3141,9466,600,2390,9692,1,89295753815277E-05,0,000370835408323117,680,442307692308,7,47803068074729E+15,0,0
726,3141,9466,600,2390,9692,1,89295753815277E-05,0,000370835408323117,680,442307692308,7,47803068074729E+15,0,0
726,3141,9466,600,2390,9692,1,89295753815277E-05,0,000370835408323117,680,442307692308,7,47803068074729E+15,0,0
726,3141,9466,600,2390,9692,1,89295753815277E-05,0,000370835408323117,680,442307692308,7,47803068074729E+15,0,0
726,3141,9466,600,2390,9692,1,89295753815277E-05,0,000370835408323117,680,442307692308,7,47803068074729E+15,0,0
726,3141,9466,600,2390,9692,1,89295753815277E-05,0,000370835408323117,680,442307692308,746057999666464,0,0
726,3141,9466,600,2390,9692,1,89295753815277E-05,0,000370835408323117,680,442307692308,746057999666464,0,0
726,3141,9466,600,2390,9692,1,89295753815277E-05,0,000370835408323117,680,442307692308,746057999666464,0,0
726,3141,9466,600,2390,9692,1,89295753815277E-05,0,000370835408323117,680,442307692308,746057999666464,0,0
726,3141,9466,600,2390,9692,1,89295753815277E-05,0,000370835408323117,680,442307692308,746057999666464,0,0
726,3141,9466,600,2390,9692,1,89295753815277E-05,0,000370835408323117,680,442307692308,746057999666464,0,0
726,3141,9466,600,2390,9692,1,89295753815277E-05,0,000370835408323117,680,442307692308,7,42631308697052E+15,0,0
726,3141,9466,600,2390,9692,1,89295753815277E-05,0,000370835408323117,680,442307692308,7,42631308697052E+15,0,0
726,3141,9466,600,2390,9692,1,89295753815277E-05,0,000370835408323117,680,442307692308,7,42631308697052E+15,0,0
726,3141,9466,600,2390,9692,1,89295753815277E-05,0,000370835408323117,680,442307692308,7,42631308697052E+15,0,0
726,3141,9466,600,2390,9692,1,89295753815277E-05,0,000370835408323117,680,442307692308,7,42631308697052E+15,0,0
726,3141,9466,426,-1598,9862,1,89295753815277E-05,0,000370835408323117,680,442307692308,7,42631308697052E+15,0,0
726,3141,9466,426,-1598,9862,1,89295753815277E-05,0,000370835408323117,680,442307692308,742746794467346,0,0
726,3141,9466,426,-1598,9862,1,89295753815277E-05,0,000373155015264137,680,442307692308,742746794467346,0,0
726,3141,9466,426,-1598,9862,1,89295753815277E-05,0,000373155015264137,680,442307692308,742746794467346,0,0
726,3141,9466,426,-1598,9862,1,89295753815277E-05,0,000373155015264137,680,442307692308,742746794467346,0,0
726,3141,9466,426,-1598,9862,1,89295753815277E-05,0,000373155015264137,680,442307692308,742746794467346,0,0
726,3141,9466,426,-1598,9862,1,89295753815277E-05,0,000373155015264137,680,442307692308,742746794467346,0,0
726,3141,9466,426,-1598,9862,1,89295753815277E-05,0,000373155015264137,680,442307692308,7,42502600129265E+15,0,0
726,3141,9466,426,-1598,9862,1,89295753815277E-05,0,000373155015264137,680,442307692308,7,42502600129265E+15,0,0
726,3141,9466,426,-1598,9862,1,89295753815277E-05,0,000373155015264137,680,442307692308,7,42502600129265E+15,0,0
726,3141,9466,426,-1598,9862,1,89295753815277E-05,0,000373155015264137,680,442307692308,7,42502600129265E+15,0,0
726,3141,9466,426,-1598,9862,1,89295753815277E-05,0,000373155015264137,680,442307692308,7,42502600129265E+15,0,0
726,3141,9466,426,-1598,9862,1,89295753815277E-05,0,000373155015264137,680,442307692308,7,42502600129265E+15,0,0
726,3141,9466,426,-1598,9862,1,89295753815277E-05,0,000373155015264137,680,442307692308,7,44742211393082E+15,0,0
726,3141,9466,426,-1598,9862,1,89295753815277E-05,0,000373155015264137,680,442307692308,7,44742211393082E+15,0,0
726,3141,9466,426,-1598,9862,1,89295753815277E-05,0,000373155015264137,680,442307692308,7,44742211393082E+15,0,0
726,3141,9466,426,-1598,9862,1,89295753815277E-05,0,000373155015264137,680,442307692308,7,44742211393082E+15,0,0
726,3141,9466,426,-1598,9862,1,89295753815277E-05,0,000373155015264137,680,442307692308,7,44742211393082E+15,0,0
726,3141,9466,426,-1598,9862,1,89295753815277E-05,0,000373155015264137,680,442307692308,7,44742211393082E+15,0,0
726,3141,9466,426,-1598,9862,1,89295753815277E-05,0,000373155015264137,680,442307692308,7,44742211393082E+15,0,0
726,3141,9466,426,-1598,9862,1,89295753815277E-05,0,000376212354267444,699,442307692308,7,44585618229996E+15,0,0
726,3141,9466,25,-798,9968,1,89295753815277E-05,0,000376212354267444,699,442307692308,7,44585618229996E+15,0,0
726,3141,9466,25,-798,9968,1,89295753815277E-05,0,000376212354267444,699,442307692308,7,44585618229996E+15,0,0
726,3141,9466,25,-798,9968,1,89295753815277E-05,0,000376212354267444,699,442307692308,7,44585618229996E+15,0,0
726,3141,9466,25,-798,9968,1,89295753815277E-05,0,000376212354267444,699,442307692308,7,44585618229996E+15,0,0
726,3141,9466,25,-798,9968,1,89295753815277E-05,0,000376212354267444,699,442307692308,7,44585618229996E+15,0,0
-750,-456,9961,25,-798,9968,1,89295753815277E-05,0,000376212354267444,699,442307692308,7,43536942072517E+15,0,0
-750,-456,9961,25,-798,9968,1,89295753815277E-05,0,000376212354267444,699,442307692308,7,43536942072517E+15,0,0
-750,-456,9961,25,-798,9968,1,89295753815277E-05,0,000376212354267444,699,442307692308,7,43536942072517E+15,0,0
-750,-456,9961,25,-798,9968,1,91193292977184E-05,0,000376212354267444,699,442307692308,7,43536942072517E+15,0,0
-705,1,9975,25,-798,9968,1,91193292977184E-05,0,000376212354267444,699,442307692308,7,43536942072517E+15,0,0
-705,1,9975,25,-798,9968,1,91193292977184E-05,0,000376212354267444,699,442307692308,7,43536942072517E+15,0,0
-705,1,9975,25,-798,9968,1,91193292977184E-05,0,000376212354267444,699,442307692308,7,40889325016755E+15,0,0
-705,1,9975,25,-798,9968,1,91193292977184E-05,0,000376212354267444,699,442307692308,7,40889325016755E+15,0,0
-705,1,9975,25,-798,9968,1,91193292977184E-05,0,000376212354267444,699,442307692308,7,40889325016755E+15,0,0
-705,1,9975,25,-798,9968,1,91193292977184E-05,0,000376212354267444,699,442307692308,7,40889325016755E+15,0,0
-705,1,9975,25,-798,9968,1,91193292977184E-05,0,000376545858799771,699,442307692308,7,40889325016755E+15,0,0
-705,1,9975,25,-798,9968,1,91193292977184E-05,0,000376545858799771,699,442307692308,7,40889325016755E+15,0,0
-705,1,9975,25,-798,9968,1,91193292977184E-05,0,000376545858799771,699,442307692308,7,40889325016755E+15,0,0
-705,1,9975,25,-798,9968,1,91193292977184E-05,0,000376545858799771,699,442307692308,7,39687152572606E+15,0,0
-705,1,9975,25,-798,9968,1,91193292977184E-05,0,000376545858799771,699,442307692308,7,39687152572606E+15,0,0
-705,1,9975,25,-798,9968,1,91193292977184E-05,0,000462020650754845,699,442307692308,7,39687152572606E+15,0,0
-705,1,9975,25,-798,9968,1,91193292977184E-05,0,000462020650754845,699,442307692308,7,39687152572606E+15,0,0
-705,1,9975,25,-798,9968,1,91193292977184E-05,0,000462020650754845,699,442307692308,7,39687152572606E+15,0,0
-705,1,9975,25,-798,9968,1,91193292977184E-05,0,000462020650754845,699,442307692308,7,39687152572606E+15,0,0
-705,1,9975,25,-798,9968,1,91193292977184E-05,0,000462020650754845,699,442307692308,7,34493077925092E+15,0,0
-705,1,9975,25,-798,9968,2,05185356116087E-05,0,000462020650754845,699,442307692308,7,34493077925092E+15,0,0
-594,1437,9878,25,-798,9968,2,05185356116087E-05,0,000462020650754845,699,442307692308,7,34493077925092E+15,0,0
-594,1437,9878,25,-798,9968,2,05185356116087E-05,0,000462020650754845,699,442307692308,7,34493077925092E+15,0,0
-594,1437,9878,25,-798,9968,2,05185356116087E-05,0,000462020650754845,699,442307692308,7,34493077925092E+15,0,0
-594,1437,9878,25,-798,9968,2,05185356116087E-05,0,000462020650754845,699,442307692308,7,34493077925092E+15,0,0
-594,1437,9878,25,-798,9968,2,05185356116087E-05,0,000462020650754845,699,442307692308,7,22698967416295E+15,0,0
-594,1437,9878,25,-798,9968,2,05185356116087E-05,0,000462020650754845,699,442307692308,7,22698967416295E+15,0,0
-594,1437,9878,25,-798,9968,2,05185356116087E-05,0,000460948670879481,699,442307692308,7,22698967416295E+15,0,0
-594,1437,9878,25,-798,9968,2,05185356116087E-05,0,000460948670879481,699,442307692308,7,22698967416295E+15,0,0
-594,1437,9878,25,-798,9968,2,05185356116087E-05,0,000460948670879481,699,442307692308,7,22698967416295E+15,0,0
-594,1437,9878,689,1644,9840,2,05185356116087E-05,0,000460948670879481,699,442307692308,7,22698967416295E+15,0,0
-594,1437,9878,689,1644,9840,2,05185356116087E-05,0,000460948670879481,699,442307692308,7,06936818171795E+15,0,0
-594,1437,9878,689,1644,9840,2,05185356116087E-05,0,000460948670879481,699,442307692308,7,06936818171795E+15,0,0
-594,1437,9878,689,1644,9840,2,05185356116087E-05,0,000460948670879481,699,442307692308,7,06936818171795E+15,0,0
-594,1437,9878,689,1644,9840,2,05185356116087E-05,0,000460948670879481,699,442307692308,7,06936818171795E+15,0,0
-594,1437,9878,689,1644,9840,2,21622264797679E-05,0,000460948670879481,699,442307692308,7,06936818171795E+15,0,0
-594,1437,9878,689,1644,9840,2,21622264797679E-05,0,000460948670879481,699,442307692308,7,06936818171795E+15,0,0
-594,1437,9878,689,1644,9840,2,21622264797679E-05,0,000460948670879481,699,442307692308,701556216323306,0,0
-594,1437,9878,689,1644,9840,2,21622264797679E-05,0,000460948670879481,699,442307692308,701556216323306,0,0
-594,1437,9878,689,1644,9840,2,21622264797679E-05,0,000460948670879481,699,442307692308,701556216323306,0,0
-594,1437,9878,689,1644,9840,2,21622264797679E-05,0,000460948670879481,699,442307692308,701556216323306,0,0
-594,1437,9878,689,1644,9840,2,21622264797679E-05,0,000460948670879481,699,442307692308,701556216323306,0,0
-594,1437,9878,689,1644,9840,2,21622264797679E-05,0,000460948670879481,699,442307692308,701556216323306,0,0
-594,1437,9878,689,1644,9840,2,21622264797679E-05,0,000460948670879481,699,442307692308,701556216323306,0,0
-594,1437,9878,689,1644,9840,2,21622264797679E-05,0,000460948670879481,775,442307692308,6,90308310860766E+15,0,0
-594,1437,9878,689,1644,9840,2,21622264797679E-05,0,000460948670879481,775,442307692308,6,90308310860766E+15,0,0
-594,1437,9878,689,1644,9840,2,21622264797679E-05,0,000460948670879481,775,442307692308,6,90308310860766E+15,0,0
-594,1437,9878,689,1644,9840,2,21622264797679E-05,0,000460948670879481,775,442307692308,6,90308310860766E+15,0,0
-594,1437,9878,689,1644,9840,2,21622264797679E-05,0,000460948670879481,775,442307692308,6,90308310860766E+15,0,0
-594,1437,9878,689,1644,9840,2,21622264797679E-05,0,000460948670879481,775,442307692308,6,90308310860766E+15,0,0
-594,1437,9878,689,1644,9840,2,21622264797679E-05,0,000460948670879481,775,442307692308,676636803070155,0,0
-594,1437,9878,689,1644,9840,2,21622264797679E-05,0,000460948670879481,775,442307692308,676636803070155,0,0
-594,1437,9878,689,1644,9840,2,21622264797679E-05,0,000460948670879481,775,442307692308,676636803070155,0,0
-594,1437,9878,689,1644,9840,2,21622264797679E-05,0,000460948670879481,775,442307692308,676636803070155,0,0
-594,1437,9878,689,1644,9840,2,21622264797679E-05,0,000460948670879481,775,442307692308,676636803070155,0,0
-594,1437,9878,689,1644,9840,6,63301719570385E-05,0,000460948670879481,775,442307692308,676636803070155,0,0
-594,1437,9878,689,1644,9840,6,63301719570385E-05,0,000460948670879481,775,442307692308,68921061891135,0,0
-594,1437,9878,689,1644,9840,6,63301719570385E-05,0,000460948670879481,775,442307692308,68921061891135,0,0
-594,1437,9878,689,1644,9840,6,63301719570385E-05,0,000460948670879481,775,442307692308,68921061891135,0,0
-594,1437,9878,689,1644,9840,6,63301719570385E-05,0,000460948670879481,775,442307692308,68921061891135,0,0
-594,1437,9878,689,1644,9840,5,63254196997163E-05,0,000460948670879481,775,442307692308,68921061891135,0,0
-594,1437,9878,689,1644,9840,5,63254196997163E-05,0,000460948670879481,775,442307692308,68921061891135,0,0
-594,1437,9878,689,1644,9840,5,63254196997163E-05,0,000460948670879481,775,442307692308,68921061891135,0,0
-594,1437,9878,689,1644,9840,5,63254196997163E-05,0,000460948670879481,775,442307692308,6,84119964014193E+15,0,0
-594,1437,9878,689,1644,9840,5,63254196997163E-05,0,000460948670879481,775,442307692308,6,84119964014193E+15,0,0
-594,1437,9878,689,1644,9840,5,63254196997163E-05,0,000460948670879481,775,442307692308,6,84119964014193E+15,0,0
-594,1437,9878,689,1644,9840,5,63254196997163E-05,1,94438042379634E-05,775,442307692308,6,84119964014193E+15,0,0
-594,1437,9878,689,1644,9840,5,63254196997163E-05,9,93807703732501E-06,775,442307692308,6,84119964014193E+15,0,0
-594,1437,9878,1234,1393,9825,5,63254196997163E-05,9,93807703732501E-06,775,442307692308,6,84119964014193E+15,0,0
-594,1437,9878,1240,1416,9821,5,63254196997163E-05,9,93807703732501E-06,775,442307692308,6,81242347074599E+15,0,0
-594,1437,9878,1240,1416,9821,5,63254196997163E-05,9,93807703732501E-06,775,442307692308,6,81242347074599E+15,0,0
-594,1437,9878,1240,1416,9821,5,63254196997163E-05,9,93807703732501E-06,775,442307692308,6,81242347074599E+15,0,0
-594,1437,9878,1240,1416,9821,5,63254196997163E-05,9,93807703732501E-06,775,442307692308,6,81242347074599E+15,0,0
-594,1437,9878,1240,1416,9821,5,63254196997163E-05,9,93807703732501E-06,775,442307692308,6,81242347074599E+15,0,0
-594,1437,9878,1240,1416,9821,5,63254196997163E-05,9,93807703732501E-06,775,442307692308,6,81242347074599E+15,0,0
-594,1437,9878,1240,1416,9821,5,63254196997163E-05,9,93807703732501E-06,775,442307692308,701739639454776,0,0
-594,1437,9878,1240,1416,9821,5,63254196997163E-05,9,93807703732501E-06,775,442307692308,701739639454776,0,0
-594,1437,9878,1240,1416,9821,5,63254196997163E-05,9,93807703732501E-06,775,442307692308,701739639454776,0,0
-594,1437,9878,1240,1416,9821,5,63254196997163E-05,9,93807703732501E-06,775,442307692308,701739639454776,0,0
-594,1437,9878,1240,1416,9821,5,52721755761602E-05,9,93807703732501E-06,775,442307692308,701739639454776,0,0
-594,1437,9878,1240,1416,9821,5,52721755761602E-05,9,93807703732501E-06,775,442307692308,701739639454776,0,0
-594,1437,9878,1240,1416,9821,5,52721755761602E-05,9,93807703732501E-06,775,442307692308,7,2014248570508E+15,0,0
-594,1437,9878,1240,1416,9821,5,52721755761602E-05,9,93807703732501E-06,775,442307692308,7,2014248570508E+15,0,0
-594,1437,9878,1240,1416,9821,5,52721755761602E-05,7,05784468132254E-06,775,442307692308,7,2014248570508E+15,0,0
-594,1437,9878,1240,1416,9821,5,52721755761602E-05,4,80648260726773E-06,775,442307692308,7,2014248570508E+15,0,0
-594,1437,9878,1240,1416,9821,5,52721755761602E-05,4,80648260726773E-06,775,442307692308,7,2014248570508E+15,0,0
-594,1437,9878,1240,1416,9821,5,52721755761602E-05,4,80648260726773E-06,775,442307692308,7,2014248570508E+15,0,0
-594,1437,9878,1240,1416,9821,5,52721755761602E-05,4,80648260726773E-06,775,442307692308,7,2014248570508E+15,0,0
-594,1437,9878,1240,1416,9821,-5,31373459088101E-06,4,80648260726773E-06,775,442307692308,7,32194809018709E+15,0,0
-594,1437,9878,1240,1416,9821,-5,31373459088101E-06,4,80648260726773E-06,775,442307692308,7,32194809018709E+15,0,0
-594,1437,9878,1240,1416,9821,-5,31373459088101E-06,4,80648260726773E-06,775,442307692308,7,32194809018709E+15,0,0
-594,1437,9878,1240,1416,9821,-5,31373459088101E-06,4,80648260726773E-06,775,442307692308,7,32194809018709E+15,0,0
-594,1437,9878,1240,1416,9821,-5,31373459088101E-06,4,80648260726773E-06,775,442307692308,7,32194809018709E+15,0,0
-594,1437,9878,1240,1416,9821,-5,31373459088101E-06,4,80648260726773E-06,775,442307692308,7,32194809018709E+15,0,0
-594,1437,9878,1240,1416,9821,-2,81223368999284E-06,4,80648260726773E-06,775,442307692308,7,38807325407812E+15,0,0
-594,1437,9878,1240,1416,9821,-2,81223368999284E-06,4,80648260726773E-06,775,442307692308,7,38807325407812E+15,0,0
-594,1437,9878,1240,1416,9821,-2,81223368999284E-06,4,80648260726773E-06,775,442307692308,7,38807325407812E+15,0,0
-594,1437,9878,1240,1416,9821,-2,81223368999284E-06,4,80648260726773E-06,775,442307692308,7,38807325407812E+15,0,0
-594,1437,9878,1240,1416,9821,-2,81223368999284E-06,4,80648260726773E-06,775,442307692308,7,38807325407812E+15,0,0
-594,1437,9878,1240,1416,9821,-2,81223368999284E-06,4,80648260726773E-06,775,442307692308,7,38807325407812E+15,0,0
-594,1437,9878,1240,1416,9821,-2,81223368999284E-06,4,80648260726773E-06,813,442307692308,7,44198926854417E+15,0,0
-594,1437,9878,1240,1416,9821,-2,81223368999284E-06,4,80648260726773E-06,813,442307692308,7,44198926854417E+15,0,0
-594,1437,9878,1240,1416,9821,-2,81223368999284E-06,4,80648260726773E-06,813,442307692308,7,44198926854417E+15,0,0
-594,1437,9878,1240,1416,9821,-2,81223368999284E-06,4,80648260726773E-06,813,442307692308,7,44198926854417E+15,0,0
-594,1437,9878,1240,1416,9821,-2,81223368999284E-06,4,80648260726773E-06,813,442307692308,7,44198926854417E+15,0,0
-594,1437,9878,1240,1416,9821,-2,81223368999284E-06,4,80648260726773E-06,813,442307692308,7,44198926854417E+15,0,0
-594,1437,9878,1240,1416,9821,-2,81223368999284E-06,4,80648260726773E-06,813,442307692308,7,43390780299601E+15,0,0
-594,1437,9878,1240,1416,9821,-2,81223368999284E-06,-6,95581812606566E-05,813,442307692308,7,43390780299601E+15,0,0

